0
0
0
0
0
0
0
0
0
0
0
0
0
0
0
0
0
0
0
0
0
0
0
0
0
0
0
0
0
0
0
0
0
0
0
0
0
0
0
0
0
0
0
0
0
0
0
0
0
0
0
0
0
0
0
0
0
0
0
0
0
0
0
0
0
0
0
0
0
0
0
0
0
0
0
0
0
0
0
0
0
0
0
0
0
0
0
0
0
0
0
0
0
0
0
0
0
0
0
0
0
0
0
0
0
0
0
0
0
0
0
0
0
0
0
0
0
0
0
0
0
0
0
0
0
0
0
0
0
0
0
0
0
0
0
0
0
0
0
0
0
0
0
0
0
0
0
0
0
0
0
0
1
5
5
5
32
34
44
7
42
64
62
32
0
0
0
0
0
0
0
0
0
0
0
0
8
9
24
39
43
63
63
63
63
63
56
43
63
61
49
16
0
0
0
0
0
0
0
0
0
0
0
12
60
63
63
63
63
63
63
63
63
63
23
21
21
14
10
0
0
0
0
0
0
0
0
0
0
0
0
5
55
63
63
63
63
63
50
46
62
60
0
0
0
0
0
0
0
0
0
0
0
0
0
0
0
0
0
0
20
39
27
63
63
51
3
0
11
39
0
0
0
0
0
0
0
0
0
0
0
0
0
0
0
0
0
0
0
4
0
39
63
23
0
0
0
0
0
0
0
0
0
0
0
0
0
0
0
0
0
0
0
0
0
0
0
0
0
35
63
48
1
0
0
0
0
0
0
0
0
0
0
0
0
0
0
0
0
0
0
0
0
0
0
0
0
3
48
63
18
0
0
0
0
0
0
0
0
0
0
0
0
0
0
0
0
0
0
0
0
0
0
0
0
0
9
60
56
40
27
0
0
0
0
0
0
0
0
0
0
0
0
0
0
0
0
0
0
0
0
0
0
0
0
20
60
63
63
30
6
0
0
0
0
0
0
0
0
0
0
0
0
0
0
0
0
0
0
0
0
0
0
0
11
47
63
63
38
7
0
0
0
0
0
0
0
0
0
0
0
0
0
0
0
0
0
0
0
0
0
0
0
4
23
63
63
47
0
0
0
0
0
0
0
0
0
0
0
0
0
0
0
0
0
0
0
0
0
0
0
0
0
62
63
62
16
0
0
0
0
0
0
0
0
0
0
0
0
0
0
0
0
0
0
0
0
0
12
33
46
63
63
52
1
0
0
0
0
0
0
0
0
0
0
0
0
0
0
0
0
0
0
0
10
37
57
63
63
63
63
46
0
0
0
0
0
0
0
0
0
0
0
0
0
0
0
0
0
0
6
29
55
63
63
63
63
50
20
0
0
0
0
0
0
0
0
0
0
0
0
0
0
0
0
0
6
17
53
63
63
63
63
50
20
1
0
0
0
0
0
0
0
0
0
0
0
0
0
0
0
0
5
43
55
63
63
63
63
49
20
2
0
0
0
0
0
0
0
0
0
0
0
0
0
0
0
0
14
43
57
63
63
63
63
61
33
3
0
0
0
0
0
0
0
0
0
0
0
0
0
0
0
0
0
0
34
63
63
63
53
34
33
4
0
0
0
0
0
0
0
0
0
0
0
0
0
0
0
0
0
0
0
0
0
0
0
0
0
0
0
0
0
0
0
0
0
0
0
0
0
0
0
0
0
0
0
0
0
0
0
0
0
0
0
0
0
0
0
0
0
0
0
0
0
0
0
0
0
0
0
0
0
0
0
0
0
0
0
0
0
0
0
0
0
0
0
0
0
0
0
0
0
0
0
0
0
0
0
0
0
0
0
0
